 초기
14 9 12 10
1 11 5 4
7 15 2 13
6 3 16 8

------
    (0, 0) 탐색
 No.1
1 0 0 0
0 0 0 0
0 0 0 0
0 0 0 0
------

    (0, 1) 탐색

 No.1
1 1 0 0
0 0 0 0
0 0 0 0
0 0 0 0

 No.2
1 1 0 0
0 1 0 0
0 0 0 0
0 0 0 0

 No.3
1 1 0 0 
0 1 0 0
0 1 0 0
0 0 0 0
--> 더 갈 곳이 없음. return;

- (2, 1)에서 1을 return 받아 dp[1][1] == 2
1 1 0 0
0 2 0 0
0 1 0 0
0 0 0 0

(1, 1)에서 2를 return 받아 현재 cnt = 2

 No.4
(0, 1)에서 (0, 2)로 이동 가능. 
1 1 1 0
0 2 0 0
0 1 0 0
0 0 0 0

(0, 2)에서 1을 return 받지만, 현재 cnt = 2 (최대값)
dp[0][1] += 2 (cnt)에 의해 dp[0][1] = 3

1 3 1 0
0 2 0 0
0 1 0 0
0 0 0 0

-----
    (0, 2) 탐색
dp[0][2] != 0 이므로 pass

------

    (0, 3) 탐색
dp[0][3] = 1
(0, 2)로 이동 가능. 이전에 방문한적이 있으므로, 1을 return 받아서
1 3 1 2
0 2 0 0
0 1 0 0 
0 0 0 0