A = CAPCA, B = APCAY 라 가정

초기 모습:
  0 A P C A Y
0 0 0 0 0 0 0
C 0 0 0 0 0 0
A 0 0 0 0 0 0
P 0 0 0 0 0 0
C 0 0 0 0 0 0
A 0 0 0 0 0 0

 1. A의 'C'일 때
  0 A P C A Y   
0 0 0 0 0 0 0
C 0 0 0 1 0 0
A 0 0 0 0 0 0
P 0 0 0 0 0 0
C 0 0 0 0 0 0
A 0 0 0 0 0 0

2. A의 'CA'일때
  0 A P C A Y
0 0 0 0 0 0 0
C 0 0 0 1 0 0
A 0 0 0 0 2 0
P 0 0 0 0 0 0
C 0 0 0 0 0 0
A 0 0 0 0 0 0

3. A의 'CAP'일때
  0 A P C A Y
0 0 0 0 0 0 0
C 0 0 0 1 0 0
A 0 0 0 0 2 0
P 0 0 1 0 0 0
C 0 0 0 0 0 0
A 0 0 0 0 0 0

4. A의 'CAPC'일때
  0 A P C A Y
0 0 0 0 0 0 0
C 0 0 0 1 0 0
A 0 0 0 0 2 0
P 0 0 1 0 0 0
C 0 0 0 2 0 0
A 0 0 0 0 0 0

5. A의 'CAPCA'일때
  0 A P C A Y
0 0 0 0 0 0 0
C 0 0 0 1 0 0
A 0 0 0 0 2 0
P 0 0 1 0 0 0
C 0 0 0 2 0 0
A 0 1 0 0 3 0

...

최종. A의 'APCA'일때
  0 A P C A Y
0 0 0 0 0 0 0
C 0 0 0 1 0 0
A 0 1 0 0 2 0
P 0 0 2 0 0 0
C 0 0 0 3 0 0
A 0 1 0 0 4 0